Script started on Wed Sep 18 03:05:51 2013
[?1034hbash-3.2$ python jinhzhan-informed.py
  5 3
2 1 6
4 7 8
-----------------

2 5 3
  1 6
4 7 8
-----------------

2 5 3
1   6
4 7 8
-----------------

2   3
1 5 6
4 7 8
-----------------

  2 3
1 5 6
4 7 8
-----------------

1 2 3
  5 6
4 7 8
-----------------

1 2 3
4 5 6
  7 8
-----------------

1 2 3
4 5 6
7   8
-----------------

1 2 3
4 5 6
7 8  
-----------------

Depth is 9
Time elapsed: 0.0157718658447
bash-3.2$ python jinhzhan-uninformed.py
  5 3
2 1 6
4 7 8
-----------------

2 5 3
  1 6
4 7 8
-----------------

2 5 3
1   6
4 7 8
-----------------

2   3
1 5 6
4 7 8
-----------------

  2 3
1 5 6
4 7 8
-----------------

1 2 3
  5 6
4 7 8
-----------------

1 2 3
4 5 6
  7 8
-----------------

1 2 3
4 5 6
7   8
-----------------

1 2 3
4 5 6
7 8  
-----------------

Depth is 9
Time elapsed: 0.0216410160065
bash-3.2$ exit

Script done on Wed Sep 18 03:06:18 2013
